19, 18, 18, 18, 22, 00, 00, 19, 18, 18, 18, 18, 18, 18, 18, 18, 18, 18, 18, 18, 18, 18, 18, 18, 22, 00, 00,
17, 16, 16, 16, 20, 00, 00, 17, 16, 16, 16, 16, 16, 16, 16, 16, 16, 16, 16, 16, 16, 16, 16, 16, 16, 18, 22,
17, 16, 16, 16, 16, 18, 18, 16, 16, 16, 16, 24, 16, 16, 16, 16, 16, 24, 24, 24, 24, 24, 16, 16, 16, 16, 20,
17, 16, 16, 16, 16, 16, 16, 16, 16, 16, 20, 00, 17, 16, 16, 16, 20, 00, 00, 00, 00, 00, 17, 16, 16, 16, 20,
17, 16, 16, 16, 16, 16, 16, 16, 16, 16, 16, 26, 16, 16, 16, 16, 20, 00, 00, 00, 00, 00, 17, 16, 16, 16, 20,
17, 16, 16, 16, 16, 16, 16, 16, 16, 16, 20, 00, 17, 16, 16, 16, 20, 00, 00, 00, 00, 00, 17, 16, 16, 16, 20,
17, 16, 16, 16, 16, 16, 16, 16, 16, 16, 16, 26, 16, 16, 16, 16, 16, 18, 18, 18, 18, 18, 16, 16, 16, 16, 20,
17, 16, 16, 16, 16, 24, 24, 16, 16, 16, 20, 00, 17, 16, 16, 16, 16, 24, 16, 16, 16, 16, 16, 16, 16, 16, 20,
17, 16, 16, 16, 20, 00, 00, 17, 16, 16, 16, 18, 16, 16, 16, 16, 20, 00, 17, 16, 16, 16, 16, 16, 16, 16, 20,
25, 24, 24, 24, 28, 00, 00, 25, 24, 16, 16, 16, 16, 16, 16, 16, 20, 00, 17, 16, 16, 16, 24, 24, 24, 24, 20,
00, 00, 00, 00, 00, 00, 00, 00, 00, 17, 16, 16, 16, 16, 16, 16, 20, 00, 17, 16, 16, 20, 00, 00, 00, 00, 21,
19, 18, 18, 18, 18, 18, 18, 22, 00, 17, 16, 16, 16, 16, 16, 16, 20, 00, 17, 16, 16, 20, 00, 00, 00, 00, 21,
17, 16, 16, 24, 16, 16, 16, 16, 18, 16, 16, 16, 16, 16, 16, 16, 20, 00, 17, 16, 16, 16, 18, 18, 18, 18, 20,
17, 16, 20, 00, 17, 16, 16, 16, 16, 16, 16, 16, 16, 16, 16, 16, 16, 18, 16, 16, 16, 16, 16, 16, 16, 16, 20,
17, 16, 16, 26, 16, 16, 16, 16, 16, 16, 24, 24, 24, 24, 24, 24, 16, 16, 16, 24, 24, 24, 24, 24, 24, 16, 20,
17, 16, 20, 00, 17, 16, 16, 16, 16, 20, 00, 00, 00, 00, 00, 00, 17, 16, 20, 00, 00, 00, 00, 00, 00, 17, 20,
17, 16, 16, 26, 16, 16, 16, 16, 16, 16, 22, 00, 00, 00, 00, 00, 17, 16, 20, 00, 00, 00, 00, 00, 19, 16, 20,
17, 16, 20, 00, 17, 16, 16, 16, 16, 16, 16, 18, 26, 26, 26, 26, 16, 16, 16, 26, 26, 26, 26, 18, 16, 16, 20,
17, 16, 16, 18, 16, 16, 16, 16, 16, 16, 16, 20, 00, 00, 00, 00, 17, 16, 20, 00, 00, 00, 00, 17, 16, 16, 20,
17, 16, 16, 16, 16, 16, 16, 16, 16, 16, 16, 16, 22, 00, 00, 00, 17, 16, 20, 00, 00, 00, 19, 16, 16, 16, 20,
17, 16, 16, 16, 16, 16, 16, 16, 16, 16, 16, 16, 16, 18, 26, 26, 16, 16, 16, 26, 26, 18, 16, 16, 16, 16, 20,
17, 24, 24, 24, 24, 24, 24, 24, 24, 24, 16, 16, 16, 20, 00, 00, 17, 16, 20, 00, 00, 17, 16, 16, 16, 16, 20,
21, 00, 00, 00, 00, 00, 00, 00, 00, 00, 17, 16, 16, 16, 22, 00, 17, 16, 20, 00, 19, 16, 16, 16, 16, 16, 20,
17, 18, 18, 26, 26, 26, 26, 26, 26, 26, 24, 24, 16, 16, 16, 18, 24, 24, 24, 18, 16, 16, 16, 16, 16, 16, 20,
17, 16, 20, 00, 00, 00, 00, 00, 00, 00, 00, 00, 17, 16, 16, 20, 00, 00, 00, 17, 16, 16, 16, 16, 16, 16, 20,
17, 16, 16, 18, 18, 18, 18, 18, 18, 18, 18, 18, 16, 16, 16, 16, 22, 00, 19, 16, 16, 16, 16, 16, 16, 16, 20,
25, 24, 24, 24, 24, 24, 24, 24, 24, 24, 24, 24, 24, 24, 24, 24, 24, 26, 24, 24, 24, 24, 24, 24, 24, 24, 281